// 0 " "
00000000
00000000
00000000
00000000
00000000
00000000
00000000
00000000
//1 "A"
00000000
00011000
00100100
00100100
01111110
01000010
01000010
00000000
//2 "B"
00000000
01111000
01000100
01111000
01000100
01000100
01111000
00000000
//3 "C"
00000000
00111100
01000010
01000000
01000000
01000010
00111100
00000000
//4 "D"
00000000
01111000
01000100
01000010
01000010
01000100
01111000
00000000
//5 "E"
00000000
01111110
01000000
01111110
01000000
01000000
01111110
00000000
//6 "F"
00000000
01111110
01000000
01000000
01111110
01000000
01000000
00000000
//7 "G"
00000000
00111100
01000010
01000000
01001110
01000010
00111100
00000000
//8 "H"
00000000
01000010
01000010
01111110
01000010
01000010
01000010
00000000
//9 "I"
00000000
00111110
00001000
00001000
00001000
00001000
00111110
00000000
//10 "J"
00000000
00111110
00000100
00000100
01000100
01000100
00111000
00000000
//11 "K"
00000000
01000110
01011000
01100000
01100000
01011000
01000110
00000000
//12 "L"
00000000
01000000
01000000
01000000
01000000
01000000
01111110
00000000
//13 "M"
00000000
01000010
01100110
01011010
01000010
01000010
01000010
00000000
//14 "N"
00000000
01000010
01100010
01010010
01001010
01000110
01000010
00000000
//15 "O"
00000000
00111100
01000010
01000010
01000010
01000010
00111100
00000000
//16 "P"
00000000
01111100
01000010
01000010
01111100
01000000
01000000
00000000
//17 "Q"
00000000
00111100
01000010
01000010
01001010
01000100
00111010
00000000
//18 "R"
00000000
01111100
01000010
01000010
01111100
01011000
01000110
00000000
//19 "S"
00000000
00111110
01000000
00111100
00000010
00000010
01111100
00000000
//20 "T"
00000000
00111110
00001000
00001000
00001000
00001000
00001000
00000000
//21 "U"
00000000
01000010
01000010
01000010
01000010
01000010
00111100
00000000
//22 "V"
00000000
01000010
01000010
00100100
00100100
00011000
00011000
00000000
//23 "W"
00000000
01000010
01000010
01000010
01011010
01011010
00100100
00000000
//24 "X"
00000000
01000010
00100100
00011000
00011000
00100100
01000010
00000000
//25 "Y"
00000000
00100010
00010100
00001000
00001000
00001000
00001000
00000000
//26 "Z"
00000000
01111110
00000100
00001000
00010000
00100000
01111110
00000000
//27 "0"
00000000
00111100
01000110
01001010
01010010
01100010
00111100
00000000
//28 "1"
00000000
00001000
00011000
00001000
00001000
00001000
00011100
00000000
//29 "2"
00000000
00111100
01000010
00000010
00001100
00110000
01111110
00000000
//30 "3"
00000000
00111100
01000010
00011100
00000010
01000010
00111100
00000000
//31 "4"
00000000
00000100
00011100
00100100
01111110
00000100
00000100
00000000
//32 "5"
00000000
01111110
01000000
01111100
00000010
00000010
01111100
00000000
//33 "6"
00000000
00011100
00100000
01111100
01000010
01000010
00111100
00000000
//34 "7"
00000000
01111110
00000100
00000100
00001000
00010000
00010000
00000000
//35 "8"
00000000
00111100
01000010
00111100
01000010
01000010
00111100
00000000
//36 "9"
00000000
00111100
01000010
01000010
00111110
00000010
00111100
00000000
//37 ""
00000000
00000000
00000000
00000000
00000000
00000000
00000000
00000000
//38 ""
00000000
00000000
00000000
00000000
00000000
00000000
00000000
00000000
//39 ""
00000000
00000000
00000000
00000000
00000000
00000000
00000000
00000000
//40 ""
00000000
00000000
00000000
00000000
00000000
00000000
00000000
00000000
//41 ""
00000000
00000000
00000000
00000000
00000000
00000000
00000000
00000000
//42 ""
00000000
00000000
00000000
00000000
00000000
00000000
00000000
00000000
//43 ""
00000000
00000000
00000000
00000000
00000000
00000000
00000000
00000000
//44 ""
00000000
00000000
00000000
00000000
00000000
00000000
00000000
00000000
//45 ""
00000000
00000000
00000000
00000000
00000000
00000000
00000000
00000000
//46 ""
00000000
00000000
00000000
00000000
00000000
00000000
00000000
00000000
//47 ""
00000000
00000000
00000000
00000000
00000000
00000000
00000000
00000000
//48 ""
00000000
00000000
00000000
00000000
00000000
00000000
00000000
00000000
//49 ""
00000000
00000000
00000000
00000000
00000000
00000000
00000000
00000000
//50 ""
00000000
00000000
00000000
00000000
00000000
00000000
00000000
00000000
//51 ""
00000000
00000000
00000000
00000000
00000000
00000000
00000000
00000000
//52 ""
00000000
00000000
00000000
00000000
00000000
00000000
00000000
00000000
//53 ""
00000000
00000000
00000000
00000000
00000000
00000000
00000000
00000000
//54 ""
00000000
00000000
00000000
00000000
00000000
00000000
00000000
00000000
//55 ""
00000000
00000000
00000000
00000000
00000000
00000000
00000000
00000000
//56 ""
00000000
00000000
00000000
00000000
00000000
00000000
00000000
00000000
//57 ""
00000000
00000000
00000000
00000000
00000000
00000000
00000000
00000000
//58 ""
00000000
00000000
00000000
00000000
00000000
00000000
00000000
00000000
//59 ""
00000000
00000000
00000000
00000000
00000000
00000000
00000000
00000000
//60 ""
00000000
00000000
00000000
00000000
00000000
00000000
00000000
00000000
//61 ""
00000000
00000000
00000000
00000000
00000000
00000000
00000000
00000000
//62 ""
00000000
00000000
00000000
00000000
00000000
00000000
00000000
00000000
//63 ""
00000000
00000000
00000000
00000000
00000000
00000000
00000000
00000000
